figure;
% set containing the cameras
vSet = imageviewset;
%dsc_9743
%rotation
R9743 = [0.9975030721836247, -0.07059474970984563, 0.002000574326350334
-0.02442259680486195, -0.3713938618026948, -0.9281541553969297
0.06626581131728598, 0.925787762248284, -0.3721906252470322
];
%translation
t9743 = [0.049756, -0.477025, 0.264594];
pose9743 = rigid3d(R9743, t9743);
vSet = addView(vSet,9743, pose9743);
% direction
d9743 = [0.066266, 0.925788, -0.372191];
dsc9743 = [t9743; d9743];
line(dsc9743(:,1), dsc9743(:,2), dsc9743(:,3))
hold on


%dsc_9744
%rotation
R9744 = [0.6202454173669227, 0.7843489854673665, 0.009606832550030697
0.2981159637110081, -0.2243797228126958, -0.9277826319624412
-0.7255497876893, 0.5783168759311892, -0.3729974485129905
];
%translation
t9744 = [0.503204, -0.287190, 0.270956];
pose9744 = rigid3d(R9744, t9744);
vSet = addView(vSet,9744, pose9744);
% direction
d9744 = [-0.725550, 0.578317, -0.372997];
dsc9744 = [t9744; d9744];
line(dsc9744(:,1), dsc9744(:,2), dsc9744(:,3))
hold on


%dsc_9745
%rotation
R9745 = [0.03508786742258263, 0.9992536402442307, 0.01615561878693539
0.3928599662686719, 0.001072851901703809, -0.9195976815391473
-0.9189286634244865, 0.03861361738364499, -0.3925291073149051
];
%translation
t9745 = [0.601816, 0.029861, 0.264276];
pose9745 = rigid3d(R9745, t9745);
vSet = addView(vSet,9745, pose9745);
% direction
d9745 = [-0.918929, 0.038614, -0.392529];
dsc9745 = [t9745; d9745];
line(dsc9745(:,1), dsc9745(:,2), dsc9745(:,3))
hold on


%dsc_9746
%rotation
R9746 = [-0.6996138578630573, 0.7144768268701565, 0.00795699387472093
0.2721838910483748, 0.2767852008289752, -0.9215779305386116
-0.6606484536724023, -0.6425829257517011, -0.3881118449527757
];
%translation
t9746 = [0.467424, 0.387196, 0.272679];
pose9746 = rigid3d(R9746, t9746);
vSet = addView(vSet,9746, pose9746);
% direction
d9746 = [-0.660648, -0.642583, -0.388112];
dsc9746 = [t9746; d9746];
line(dsc9746(:,1), dsc9746(:,2), dsc9746(:,3))
hold on


%dsc_9747
%rotation
R9747 = [-0.9998875582756471, 0.01053860682239995, 0.01066811003914959
-0.005633922664359704, 0.3952887512564026, -0.9185396355332557
-0.01389711196531686, -0.9184964566596853, -0.3951849306117662
];
%translation
t9747 = [0.082950, 0.526093, 0.272198];
pose9747 = rigid3d(R9747, t9747);
vSet = addView(vSet,9747, pose9747);
% direction
d9747 = [-0.013897, -0.918496, -0.395185];
dsc9747 = [t9747; d9747];
line(dsc9747(:,1), dsc9747(:,2), dsc9747(:,3))
hold on


%dsc_9748
%rotation
R9748 = [-0.559172044993192, -0.8290122329457529, -0.008083422816372532
-0.3140267691495165, 0.2208158587935567, -0.9233783324091919
0.7672768811554587, -0.5137889392849563, -0.3838060884259024
];
%translation
t9748 = [-0.381650, 0.300741, 0.269870];
pose9748 = rigid3d(R9748, t9748);
vSet = addView(vSet,9748, pose9748);
% direction
d9748 = [0.767277, -0.513789, -0.383806];
dsc9748 = [t9748; d9748];
line(dsc9748(:,1), dsc9748(:,2), dsc9748(:,3))
hold on


%dsc_9749
%rotation
R9749 = [-0.01346408953195699, -0.9999082490562687, -0.001487199483078239
-0.3766448128900066, 0.006449416603418578, -0.9263353010376576
0.9262599004686145, -0.01191211545874932, -0.3766970908955496
];
%translation
t9749 = [-0.453125, 0.029191, 0.269053];
pose9749 = rigid3d(R9749, t9749);
vSet = addView(vSet,9749, pose9749);
% direction
d9749 = [0.926260, -0.011912, -0.376697];
dsc9749 = [t9749; d9749];
line(dsc9749(:,1), dsc9749(:,2), dsc9749(:,3))
hold on


%dsc_9750
%rotation
R9750 = [0.6824113474019913, -0.7307489346938114, 0.01790942156684261
-0.2515990161431944, -0.2578190576327811, -0.9328597261095161
0.6863036412644011, 0.6320880697855359, -0.359794363521748
];
%translation
t9750 = [-0.313707, -0.317634, 0.266067];
pose9750 = rigid3d(R9750, t9750);
vSet = addView(vSet,9750, pose9750);
% direction
d9750 = [0.686304, 0.632088, -0.359794];
dsc9750 = [t9750; d9750];
line(dsc9750(:,1), dsc9750(:,2), dsc9750(:,3))
hold on


% extract camera poses
camPoses = poses(vSet);

% plot camera poses.
plotCamera(camPoses, 'Size', 0.02);
hold on

% tea box
verts = ([0, 0.063, 0.093;
          0.165, 0.063, 0.093;
          0.165, 0, 0.093;
          0, 0, 0.093;
          0, 0.063, 0;
          0.165, 0.063, 0;
          0.165, 0, 0;
          0, 0, 0]);
face = [1 2 3 4;5 6 7 8;3 4 8 7;1 2 6 5;2 3 7 6;1 4 8 5];
h = patch('Faces', face, 'Vertices', verts, 'FaceColor', 'white', 'EdgeColor', 'black');
hold on

grid on
axis equal

% size
xlim([-0.7 0.7]);
ylim([-0.7 0.7]);
zlim([0 0.35]);

view(60,15);

title('Camera Poses');
