figure;
% set containing the cameras
vSet = imageviewset;
%dsc_7
%rotation
R7 = [0.6304759084429467, -0.013865958371673, -0.7760849593127518
-0.1714865734972171, -0.9776226385643154, -0.1218455238272191
-0.7570287207122489, 0.2099088177399437, -0.6187453468526409
];
%translation
t7 = [0.385049, -0.121742, 0.257468];
pose7 = rigid3d(R7, t7);
vSet = addView(vSet,7, pose7);


%dsc_8
%rotation
R8 = [0.6276844467132927, -0.01563965443666065, -0.7783107583499853
-0.1737011507413729, -0.9774052582303889, -0.1204444744050535
-0.758841317790057, 0.2107945976363924, -0.6162187046998502
];
%translation
t8 = [0.386321, -0.122804, 0.257513];
pose8 = rigid3d(R8, t8);
vSet = addView(vSet,8, pose8);


%dsc_9
%rotation
R9 = [0.6294915674268118, -0.01873552219835058, -0.7767814021631121
-0.1737378984067248, -0.9777917934670468, -0.1172107131865961
-0.7573344764341248, 0.208739523896293, -0.618766758938939
];
%translation
t9 = [0.386526, -0.122696, 0.259486];
pose9 = rigid3d(R9, t9);
vSet = addView(vSet,9, pose9);


%dsc_10
%rotation
R10 = [0.6255431751388417, -0.01868454541485079, -0.7799657837366057
-0.1750071057181318, -0.9775979494087154, -0.1169391391281697
-0.7603079961340534, 0.2096500347591556, -0.61479965349706
];
%translation
t10 = [0.388328, -0.123923, 0.258909];
pose10 = rigid3d(R10, t10);
vSet = addView(vSet,10, pose10);


%dsc_11
%rotation
R11 = [0.6257298850082783, -0.02240302456081575, -0.7797180358937802
-0.1765373681281684, -0.9777187749675201, -0.1135806089541314
-0.7598004137021158, 0.2087201513187915, -0.6157428276249383
];
%translation
t11 = [0.388989, -0.124199, 0.260330];
pose11 = rigid3d(R11, t11);
vSet = addView(vSet,11, pose11);


%dsc_12
%rotation
R12 = [0.6262194215142135, -0.02458819439652241, -0.7792590434603389
-0.17676662514871, -0.9779517069227007, -0.1111936111497034
-0.7593436615603893, 0.2073785900793397, -0.6167587243199451
];
%translation
t12 = [0.389635, -0.124376, 0.261471];
pose12 = rigid3d(R12, t12);
vSet = addView(vSet,12, pose12);


%dsc_13
%rotation
R13 = [0.6287039814093832, -0.02833711138323645, -0.7771282467382356
-0.178899699562193, -0.9778021745310208, -0.1090770598199468
-0.7567867607566526, 0.2076051916519942, -0.6198176208713267
];
%translation
t13 = [0.389604, -0.125216, 0.263568];
pose13 = rigid3d(R13, t13);
vSet = addView(vSet,13, pose13);


%dsc_14
%rotation
R14 = [0.6302677247851185, -0.03088568217430393, -0.775763282020242
-0.1795573372097603, -0.9779169186437544, -0.1069470097031474
-0.7553289069990172, 0.2066992377028337, -0.6218952221915982
];
%translation
t14 = [0.390147, -0.125916, 0.265038];
pose14 = rigid3d(R14, t14);
vSet = addView(vSet,14, pose14);


%dsc_15
%rotation
R15 = [0.6310677294734235, -0.03238879862512892, -0.7750512799427398
-0.1792231377494395, -0.9781837251416853, -0.1050507818304153
-0.7547400795721027, 0.2052012806771852, -0.6231050045505487
];
%translation
t15 = [0.390560, -0.126031, 0.266215];
pose15 = rigid3d(R15, t15);
vSet = addView(vSet,15, pose15);


%dsc_16
%rotation
R16 = [0.6324104402577112, -0.03264251286729362, -0.7739454124205114
-0.180135747411072, -0.9779192857524838, -0.105948020547844
-0.7533977353016807, 0.2064178696408343, -0.6243264494919608
];
%translation
t16 = [0.390807, -0.127009, 0.267338];
pose16 = rigid3d(R16, t16);
vSet = addView(vSet,16, pose16);


%dsc_17
%rotation
R17 = [0.6282316827343045, -0.02661186014923751, -0.7775710653748777
-0.1768662135530446, -0.9781335666448785, -0.1094215166499617
-0.7576564493965809, 0.2062681136336066, -0.6192012354524173
];
%translation
t17 = [0.390866, -0.125431, 0.263479];
pose17 = rigid3d(R17, t17);
vSet = addView(vSet,17, pose17);


%dsc_18
%rotation
R18 = [0.6251837631060867, -0.0222951181250929, -0.7801590799678615
-0.1728610208809163, -0.9787221416286337, -0.1105533217314985
-0.7610941661900448, 0.2039752367167371, -0.6157351484184022
];
%translation
t18 = [0.390847, -0.123771, 0.261355];
pose18 = rigid3d(R18, t18);
vSet = addView(vSet,18, pose18);


%dsc_19
%rotation
R19 = [0.6225508250911115, -0.01973468838567921, -0.7823305006534619
-0.1702304183779337, -0.9791593570857742, -0.1107635232838273
-0.7638403464319293, 0.2021323712464024, -0.6129359099098833
];
%translation
t19 = [0.390737, -0.122214, 0.259336];
pose19 = rigid3d(R19, t19);
vSet = addView(vSet,19, pose19);


%dsc_20
%rotation
R20 = [0.6187214166863167, -0.01758877808144901, -0.7854135492969794
-0.1676623363326612, -0.9796727198825801, -0.1101394701882186
-0.7675110093732538, 0.1998299196903943, -0.6090934687610596
];
%translation
t20 = [0.390878, -0.120656, 0.257240];
pose20 = rigid3d(R20, t20);
vSet = addView(vSet,20, pose20);


%dsc_21
%rotation
R21 = [0.6162463676091813, -0.01575271219965821, -0.7873958765874026
-0.1656246716220944, -0.9800329535677539, -0.1100176261847995
-0.7699408305568441, 0.1982101460057472, -0.6065507855586518
];
%translation
t21 = [0.390718, -0.119071, 0.255422];
pose21 = rigid3d(R21, t21);
vSet = addView(vSet,21, pose21);


%dsc_22
%rotation
R22 = [0.6135555111876942, -0.01419180887951869, -0.7895240510915005
-0.1635451445187777, -0.9804433430164529, -0.1094707122432948
-0.7725300126179819, 0.196289183847326, -0.6038774179492152
];
%translation
t22 = [0.390752, -0.117609, 0.253691];
pose22 = rigid3d(R22, t22);
vSet = addView(vSet,22, pose22);


%dsc_23
%rotation
R23 = [0.6101930479260109, -0.01231316010889459, -0.7921570742920233
-0.1607732407252256, -0.980999136470951, -0.1085940113908539
-0.7757682703807073, 0.193620970794439, -0.6005784797502696
];
%translation
t23 = [0.390689, -0.115926, 0.251971];
pose23 = rigid3d(R23, t23);
vSet = addView(vSet,23, pose23);


%dsc_24
%rotation
R24 = [0.6083963420253693, -0.0118831912720639, -0.7935443785796364
-0.1587108129496558, -0.9815118758142467, -0.1069827812709035
-0.7776019347088902, 0.1910320062209213, -0.5990342258470718
];
%translation
t24 = [0.390773, -0.114476, 0.250892];
pose24 = rigid3d(R24, t24);
vSet = addView(vSet,24, pose24);


%dsc_25
%rotation
R25 = [0.6045631032382455, -0.01158872163612967, -0.7964729472705167
-0.1553832490791507, -0.9824015373473952, -0.1036497241823692
-0.7812550800529553, 0.1864213532520212, -0.5957244152652599
];
%translation
t25 = [0.390753, -0.112282, 0.249443];
pose25 = rigid3d(R25, t25);
vSet = addView(vSet,25, pose25);


%dsc_26
%rotation
R26 = [0.6022595580427977, -0.0126137871511931, -0.7982006747177044
-0.1531917449917608, -0.9831186067530675, -0.1000504588809398
-0.7834639200451246, 0.1825340993612199, -0.5940249056713993
];
%translation
t26 = [0.390582, -0.110251, 0.248476];
pose26 = rigid3d(R26, t26);
vSet = addView(vSet,26, pose26);


%dsc_27
%rotation
R27 = [0.6040911919410554, -0.01752198128196086, -0.7967225439205232
-0.1638517242078182, -0.9811288992968689, -0.1026581484278751
-0.7798887384065503, 0.1925592457828737, -0.5955623330686473
];
%translation
t27 = [0.387447, -0.112202, 0.247637];
pose27 = rigid3d(R27, t27);
vSet = addView(vSet,27, pose27);


%dsc_28
%rotation
R28 = [0.6037318540318549, -0.02126966458204081, -0.7969036640622417
-0.1651327781139681, -0.9812988390784182, -0.09891286071948141
-0.7798967970312621, 0.1913117607255655, -0.5959536862781052
];
%translation
t28 = [0.386019, -0.111135, 0.247274];
pose28 = rigid3d(R28, t28);
vSet = addView(vSet,28, pose28);


%dsc_29
%rotation
R29 = [0.5951825222938156, -0.02129944624808847, -0.8033082215099611
-0.1668096507967207, -0.9811489720145451, -0.09757681648771692
-0.7860867035874911, 0.1920755796667715, -0.5875156731004082
];
%translation
t29 = [0.387050, -0.110627, 0.244258];
pose29 = rigid3d(R29, t29);
vSet = addView(vSet,29, pose29);


%dsc_30
%rotation
R30 = [0.5812974491870183, -0.02163476893844347, -0.8134034745079758
-0.1692326309153858, -0.9810014911024687, -0.09484930726257294
-0.7958979785136558, 0.1927900703555899, -0.5739149732932252
];
%translation
t30 = [0.388586, -0.110281, 0.239792];
pose30 = rigid3d(R30, t30);
vSet = addView(vSet,30, pose30);


% extract camera poses
camPoses = poses(vSet);

% plot camera poses.
plotCamera(camPoses, 'Size', 0.02);
hold on

% tea box
verts = ([0, 0.063, 0.093;
          0.165, 0.063, 0.093;
          0.165, 0, 0.093;
          0, 0, 0.093;
          0, 0.063, 0;
          0.165, 0.063, 0;
          0.165, 0, 0;
          0, 0, 0]);
face = [1 2 3 4;5 6 7 8;3 4 8 7;1 2 6 5;2 3 7 6;1 4 8 5];
h = patch('Faces', face, 'Vertices', verts, 'FaceColor', 'white', 'EdgeColor', 'black');
hold on

grid on
axis equal

% size
xlim([-0.7 0.7]);
ylim([-0.7 0.7]);
zlim([0 0.7]);

view(60,15);

title('Camera Poses');
