%YAML:1.0
---
R: !!opencv-matrix
   rows: 3
   cols: 3
   dt: d
   data: [ 9.1597049352346871e-01, 4.0053222687859036e-01,
       2.3916317150663668e-02, 1.7895788508362032e-01,
       -3.5445339259548947e-01, -9.1778911948439756e-01,
       -3.5912690007958392e-01, 8.4494776626086499e-01,
       -3.9634724917678349e-01 ]
