%YAML:1.0
---
t: !!opencv-matrix
   rows: 3
   cols: 1
   dt: d
   data: [ -1.0322761365356393e-01, 6.0046545370662785e-02,
       6.1423361199552173e-01 ]
